0.003 1.801 -0.001 5.996 -0.038 0.089 0.995 -0.038 0.089 0.995 0.003 0.996 -0.089 0.000 0.000 0.000
0.108 1.801 -0.001 5.996 -0.038 0.089 0.995 -0.038 0.089 0.995 0.003 0.996 -0.089 0.000 0.000 0.000
0.200 1.801 -0.001 5.996 -0.038 0.089 0.995 -0.038 0.089 0.995 0.003 0.996 -0.089 0.000 0.000 0.000
0.307 1.801 -0.001 5.996 -0.038 0.089 0.995 -0.038 0.089 0.995 0.003 0.996 -0.089 0.000 0.000 0.000
0.401 1.801 -0.001 5.996 -0.038 0.089 0.995 -0.038 0.089 0.995 0.003 0.996 -0.089 0.000 0.000 0.000
0.507 1.801 -0.001 5.996 -0.038 0.089 0.995 -0.038 0.089 0.995 0.003 0.996 -0.089 0.000 0.000 0.000
0.600 1.801 -0.001 5.996 -0.038 0.089 0.995 -0.038 0.089 0.995 0.003 0.996 -0.089 0.000 0.000 0.000
0.706 1.801 -0.001 5.996 -0.038 0.089 0.995 -0.038 0.089 0.995 0.003 0.996 -0.089 0.000 0.000 0.000
0.800 1.801 -0.001 5.996 -0.038 0.089 0.995 -0.038 0.089 0.995 0.003 0.996 -0.089 0.000 0.000 0.000
0.907 1.801 -0.001 5.996 -0.038 0.089 0.995 -0.038 0.089 0.995 0.003 0.996 -0.089 0.000 0.000 0.000
1.000 1.801 -0.001 5.996 -0.038 0.089 0.995 -0.038 0.089 0.995 0.003 0.996 -0.089 0.000 0.000 0.000
1.106 1.801 -0.001 5.996 -0.038 0.089 0.995 -0.038 0.089 0.995 0.003 0.996 -0.089 0.000 0.000 0.000
1.213 1.801 -0.001 5.996 -0.038 0.089 0.995 -0.038 0.089 0.995 0.003 0.996 -0.089 0.000 0.000 0.000
1.307 1.801 -0.001 5.996 -0.038 0.089 0.995 -0.038 0.089 0.995 0.003 0.996 -0.089 0.000 0.000 0.000
1.400 1.801 -0.001 5.996 -0.038 0.089 0.995 -0.038 0.089 0.995 0.003 0.996 -0.089 0.000 0.000 0.000
1.507 1.801 -0.001 5.996 -0.038 0.089 0.995 -0.038 0.089 0.995 0.003 0.996 -0.089 0.000 0.000 0.000
1.600 1.801 -0.001 5.996 -0.038 0.089 0.995 -0.038 0.089 0.995 0.003 0.996 -0.089 0.000 0.000 0.000
1.706 1.801 -0.001 5.996 -0.038 0.089 0.995 -0.038 0.089 0.995 0.003 0.996 -0.089 0.000 0.000 0.000
1.800 1.801 -0.001 5.996 -0.054 0.089 0.995 -0.054 0.089 0.995 0.005 0.996 -0.089 0.000 0.000 0.000
1.907 1.801 -0.001 5.996 -0.054 0.089 0.995 -0.054 0.089 0.995 0.005 0.996 -0.089 0.000 0.000 0.000
2.000 1.801 -0.001 5.996 -0.083 0.089 0.993 -0.083 0.089 0.993 0.007 0.996 -0.089 0.000 0.000 0.000
2.106 1.801 -0.001 5.996 -0.125 0.089 0.988 -0.125 0.089 0.988 0.011 0.996 -0.088 0.000 0.000 0.000
2.200 1.801 -0.001 5.996 -0.163 0.089 0.983 -0.163 0.089 0.983 0.015 0.996 -0.088 0.000 0.000 0.000
2.307 1.801 -0.001 5.996 -0.183 0.089 0.979 -0.183 0.089 0.979 0.016 0.996 -0.087 0.000 0.000 0.000
2.400 1.801 -0.001 5.996 -0.183 0.089 0.979 -0.183 0.089 0.979 0.016 0.996 -0.087 0.000 0.000 0.000
2.506 1.801 -0.001 5.996 -0.183 0.089 0.979 -0.183 0.089 0.979 0.016 0.996 -0.087 0.000 0.000 0.000
2.600 1.801 -0.001 5.996 -0.183 0.089 0.979 -0.183 0.089 0.979 0.016 0.996 -0.087 0.000 0.000 0.000
2.706 1.801 -0.001 5.996 -0.183 0.089 0.979 -0.183 0.089 0.979 0.016 0.996 -0.087 0.000 0.000 0.000
2.813 1.801 -0.001 5.996 -0.183 0.089 0.979 -0.183 0.089 0.979 0.016 0.996 -0.087 0.000 0.000 0.000
2.906 1.801 -0.001 5.996 -0.183 0.089 0.979 -0.183 0.089 0.979 0.016 0.996 -0.087 0.000 0.000 0.000
3.013 1.801 -0.001 5.996 -0.176 0.089 0.980 -0.176 0.089 0.980 0.016 0.996 -0.087 0.000 0.000 0.000
3.107 1.801 -0.001 5.996 -0.176 0.089 0.980 -0.176 0.089 0.980 0.016 0.996 -0.087 0.000 0.000 0.000
3.200 1.801 -0.001 5.996 -0.176 0.089 0.980 -0.176 0.089 0.980 0.016 0.996 -0.087 0.000 0.000 0.000
3.306 1.801 -0.001 5.996 -0.176 0.089 0.980 -0.176 0.089 0.980 0.016 0.996 -0.087 0.000 0.000 0.000
3.412 1.801 -0.001 5.996 -0.226 0.083 0.971 -0.226 0.084 0.971 0.019 0.996 -0.082 0.000 0.000 0.000
3.506 1.801 -0.001 5.996 -0.354 0.059 0.933 -0.354 0.059 0.933 0.021 0.998 -0.055 0.000 0.000 0.000
3.600 1.801 -0.001 5.996 -0.521 0.016 0.853 -0.521 0.016 0.853 0.008 1.000 -0.013 0.000 0.000 0.000
3.706 1.801 -0.001 5.996 -0.585 0.003 0.811 -0.585 0.003 0.811 0.002 1.000 -0.003 0.000 0.000 0.000
CHAT Donate money to the shrine or die
3.813 1.801 -0.001 5.996 -0.640 -0.014 0.768 -0.640 -0.014 0.768 -0.009 1.000 0.011 0.000 0.000 0.000
3.905 1.801 -0.001 5.996 -0.651 -0.016 0.759 -0.651 -0.016 0.759 -0.010 1.000 0.012 0.000 0.000 0.000
4.012 1.801 -0.001 5.996 -0.651 -0.016 0.759 -0.651 -0.016 0.759 -0.010 1.000 0.012 0.000 0.000 0.000
4.106 1.801 -0.001 5.996 -0.720 -0.040 0.693 -0.720 -0.040 0.693 -0.029 0.999 0.028 0.000 0.000 0.000
4.212 1.801 -0.001 5.996 -0.879 -0.140 0.456 -0.879 -0.141 0.456 -0.125 0.990 0.065 0.000 0.000 0.000
4.305 1.801 -0.001 5.996 -0.934 -0.184 0.307 -0.933 -0.187 0.307 -0.178 0.982 0.059 0.000 0.000 0.000
4.412 1.801 -0.001 5.996 -0.939 -0.191 0.287 -0.938 -0.194 0.287 -0.186 0.981 0.057 0.000 0.000 0.000
4.506 1.801 -0.001 5.996 -0.949 -0.202 0.244 -0.948 -0.206 0.243 -0.200 0.979 0.051 0.000 0.000 0.000
4.612 1.801 -0.001 5.996 -0.961 -0.229 0.154 -0.960 -0.235 0.154 -0.232 0.972 0.037 0.000 0.000 0.000
4.705 1.801 -0.001 5.996 -0.959 -0.279 0.039 -0.956 -0.291 0.038 -0.290 0.957 0.012 0.000 0.000 0.000
4.812 1.801 -0.001 5.996 -0.949 -0.307 -0.075 -0.944 -0.322 -0.074 -0.321 0.947 -0.025 0.000 0.000 0.000
4.905 1.801 -0.001 5.996 -0.948 -0.308 -0.081 -0.943 -0.324 -0.081 -0.323 0.946 -0.028 0.000 0.000 0.000
5.013 1.801 -0.001 5.996 -0.948 -0.308 -0.081 -0.943 -0.324 -0.081 -0.323 0.946 -0.028 0.000 0.000 0.000
5.105 1.801 -0.001 5.996 -0.948 -0.308 -0.081 -0.943 -0.324 -0.081 -0.323 0.946 -0.028 0.000 0.000 0.000
5.200 1.801 -0.001 5.996 -0.948 -0.308 -0.081 -0.943 -0.324 -0.081 -0.323 0.946 -0.028 0.000 0.000 0.000
5.305 1.801 -0.001 5.996 -0.943 -0.324 -0.081 -0.936 -0.342 -0.080 -0.341 0.940 -0.029 0.000 0.000 0.000
5.412 1.801 -0.001 5.996 -0.930 -0.359 -0.085 -0.919 -0.384 -0.084 -0.383 0.923 -0.035 0.000 0.000 0.000
5.505 1.801 -0.001 5.996 -0.911 -0.403 -0.088 -0.894 -0.440 -0.086 -0.438 0.898 -0.042 0.000 0.000 0.000
5.612 1.801 -0.001 5.996 -0.884 -0.458 -0.093 -0.852 -0.515 -0.090 -0.512 0.857 -0.054 0.000 0.000 0.000
5.705 1.801 -0.001 5.996 -0.861 -0.498 -0.101 -0.813 -0.575 -0.095 -0.571 0.818 -0.067 0.000 0.000 0.000
5.811 1.801 -0.001 5.996 -0.837 -0.536 -0.109 -0.766 -0.635 -0.100 -0.629 0.773 -0.082 0.000 0.000 0.000
5.905 1.801 -0.001 5.996 -0.831 -0.545 -0.114 -0.753 -0.649 -0.103 -0.643 0.760 -0.088 0.000 0.000 0.000
6.013 1.801 -0.001 5.996 -0.809 -0.575 -0.125 -0.704 -0.702 -0.109 -0.694 0.712 -0.107 0.000 0.000 0.000
6.106 1.801 -0.001 5.996 -0.806 -0.579 -0.126 -0.696 -0.710 -0.109 -0.701 0.705 -0.110 0.000 0.000 0.000
6.211 1.801 -0.001 5.996 -0.797 -0.592 -0.121 -0.672 -0.734 -0.102 -0.725 0.679 -0.110 0.000 0.000 0.000
6.304 1.801 -0.001 5.996 -0.786 -0.608 -0.109 -0.637 -0.766 -0.088 -0.759 0.643 -0.105 0.000 0.000 0.000
6.411 1.801 -0.001 5.996 -0.786 -0.608 -0.109 -0.637 -0.766 -0.088 -0.759 0.643 -0.105 0.000 0.000 0.000
6.504 1.801 -0.001 5.996 -0.786 -0.609 -0.108 -0.634 -0.768 -0.087 -0.761 0.640 -0.104 0.000 0.000 0.000
6.611 1.801 -0.001 5.996 -0.786 -0.609 -0.108 -0.634 -0.768 -0.087 -0.761 0.640 -0.104 0.000 0.000 0.000
6.705 1.801 -0.001 5.996 -0.786 -0.609 -0.108 -0.634 -0.768 -0.087 -0.761 0.640 -0.104 0.000 0.000 0.000
6.811 1.801 -0.001 5.996 -0.786 -0.609 -0.108 -0.634 -0.768 -0.087 -0.761 0.640 -0.104 0.000 0.000 0.000
6.905 1.801 -0.001 5.996 -0.786 -0.609 -0.108 -0.634 -0.768 -0.087 -0.761 0.640 -0.104 0.000 0.000 0.000
7.011 1.801 -0.001 5.996 -0.786 -0.609 -0.108 -0.634 -0.768 -0.087 -0.761 0.640 -0.104 0.000 0.000 0.000
7.105 1.801 -0.001 5.996 -0.786 -0.609 -0.108 -0.634 -0.768 -0.087 -0.761 0.640 -0.104 0.000 0.000 0.000
7.211 1.801 -0.001 5.996 -0.786 -0.609 -0.108 -0.634 -0.768 -0.087 -0.761 0.640 -0.104 0.000 0.000 0.000
7.304 1.801 -0.001 5.996 -0.786 -0.609 -0.108 -0.634 -0.768 -0.087 -0.761 0.640 -0.104 0.000 0.000 0.000
7.411 1.801 -0.001 5.996 -0.786 -0.609 -0.108 -0.634 -0.768 -0.087 -0.761 0.640 -0.104 0.000 0.000 0.000
7.504 1.801 -0.001 5.996 -0.787 -0.608 -0.108 -0.638 -0.765 -0.087 -0.758 0.644 -0.104 0.000 0.000 0.000
7.611 1.801 -0.001 5.996 -0.787 -0.608 -0.108 -0.638 -0.765 -0.087 -0.758 0.644 -0.104 0.000 0.000 0.000
7.704 1.801 -0.001 5.996 -0.787 -0.608 -0.108 -0.638 -0.765 -0.087 -0.758 0.644 -0.104 0.000 0.000 0.000
7.811 1.801 -0.001 5.996 -0.795 -0.596 -0.115 -0.664 -0.742 -0.096 -0.734 0.670 -0.106 0.000 0.000 0.000
7.904 1.801 -0.001 5.996 -0.813 -0.571 -0.114 -0.711 -0.696 -0.100 -0.689 0.718 -0.097 0.000 0.000 0.000
8.012 1.801 -0.001 5.996 -0.838 -0.538 -0.091 -0.766 -0.637 -0.083 -0.634 0.771 -0.069 0.000 0.000 0.000
8.104 1.801 -0.001 5.996 -0.870 -0.493 -0.032 -0.824 -0.566 -0.030 -0.566 0.824 -0.021 0.000 0.000 0.000
8.211 1.801 -0.001 5.996 -0.878 -0.479 -0.002 -0.838 -0.546 -0.001 -0.546 0.838 -0.001 0.000 0.000 0.000
8.304 1.801 -0.001 5.996 -0.887 -0.458 0.056 -0.855 -0.515 0.054 -0.514 0.857 0.032 0.000 0.000 0.000
8.411 1.801 -0.001 5.996 -0.888 -0.435 0.147 -0.864 -0.483 0.143 -0.477 0.875 0.079 0.000 0.000 0.000
8.504 1.801 -0.001 5.996 -0.870 -0.401 0.288 -0.853 -0.438 0.282 -0.416 0.899 0.138 0.000 0.000 0.000
8.611 1.801 -0.001 5.996 -0.836 -0.357 0.417 -0.827 -0.383 0.412 -0.342 0.924 0.171 0.000 0.000 0.000
8.704 1.801 -0.001 5.996 -0.785 -0.319 0.531 -0.780 -0.337 0.528 -0.279 0.941 0.189 0.000 0.000 0.000
8.811 1.801 -0.001 5.996 -0.683 -0.273 0.678 -0.680 -0.284 0.676 -0.202 0.959 0.200 0.000 0.000 0.000
8.904 1.801 -0.001 5.996 -0.563 -0.232 0.793 -0.563 -0.239 0.792 -0.138 0.971 0.194 0.000 0.000 0.000
9.011 1.801 -0.001 5.996 -0.438 -0.192 0.878 -0.438 -0.196 0.878 -0.087 0.981 0.175 0.000 0.000 0.000
9.105 1.801 -0.001 5.996 -0.296 -0.150 0.944 -0.296 -0.151 0.943 -0.045 0.988 0.144 0.000 0.000 0.000
9.210 1.801 -0.001 5.996 -0.181 -0.126 0.975 -0.181 -0.127 0.975 -0.023 0.992 0.125 0.000 0.000 0.000
9.304 1.801 -0.001 5.996 -0.123 -0.109 0.986 -0.123 -0.110 0.986 -0.014 0.994 0.109 0.000 0.000 0.000
9.410 1.801 -0.001 5.996 -0.062 -0.099 0.993 -0.062 -0.099 0.993 -0.006 0.995 0.099 0.000 0.000 0.000
9.503 1.801 -0.001 5.996 -0.038 -0.095 0.995 -0.038 -0.096 0.995 -0.004 0.995 0.096 0.000 0.000 0.000
9.610 1.801 -0.001 5.996 -0.012 -0.089 0.996 -0.012 -0.089 0.996 -0.001 0.996 0.089 0.000 0.000 0.000
9.703 1.801 -0.001 5.996 -0.009 -0.087 0.996 -0.009 -0.087 0.996 -0.001 0.996 0.087 0.000 0.000 0.000
9.810 1.801 -0.001 5.996 -0.009 -0.087 0.996 -0.009 -0.087 0.996 -0.001 0.996 0.087 0.000 0.000 0.000
9.904 1.801 -0.001 5.996 -0.009 -0.087 0.996 -0.009 -0.087 0.996 -0.001 0.996 0.087 0.000 0.000 0.000
10.011 1.801 -0.001 5.996 -0.010 -0.071 0.997 -0.010 -0.071 0.997 -0.001 0.997 0.071 0.000 0.000 0.000
10.104 1.801 -0.001 5.996 -0.010 -0.071 0.997 -0.010 -0.071 0.997 -0.001 0.997 0.071 0.000 0.000 0.000
10.210 1.801 -0.001 5.996 -0.010 -0.071 0.997 -0.010 -0.071 0.997 -0.001 0.997 0.071 0.000 0.000 0.000
10.303 1.801 -0.001 5.996 -0.010 -0.071 0.997 -0.010 -0.071 0.997 -0.001 0.997 0.071 0.000 0.000 0.000
10.410 1.801 -0.001 5.996 -0.010 -0.071 0.997 -0.010 -0.071 0.997 -0.001 0.997 0.071 0.000 0.000 0.000
10.503 1.801 -0.001 5.996 -0.010 -0.071 0.997 -0.010 -0.071 0.997 -0.001 0.997 0.071 0.000 0.000 0.000
10.610 1.801 -0.001 5.996 -0.010 -0.071 0.997 -0.010 -0.071 0.997 -0.001 0.997 0.071 0.000 0.000 0.000
10.703 1.801 -0.001 5.996 -0.010 -0.071 0.997 -0.010 -0.071 0.997 -0.001 0.997 0.071 0.000 0.000 0.000
10.810 1.801 -0.001 5.996 -0.010 -0.071 0.997 -0.010 -0.071 0.997 -0.001 0.997 0.071 0.000 0.000 0.000
10.903 1.801 -0.001 5.996 -0.010 -0.071 0.997 -0.010 -0.071 0.997 -0.001 0.997 0.071 0.000 0.000 0.000
11.010 1.801 -0.001 5.996 -0.010 -0.071 0.997 -0.010 -0.071 0.997 -0.001 0.997 0.071 0.000 0.000 0.000
11.103 1.801 -0.001 5.996 -0.010 -0.071 0.997 -0.010 -0.071 0.997 -0.001 0.997 0.071 0.000 0.000 0.000
0.003 1.801 -0.001 5.996 -0.038 0.089 0.995 -0.038 0.089 0.995 0.003 0.996 -0.089 0.000 0.000 0.000
0.108 1.801 -0.001 5.996 -0.038 0.089 0.995 -0.038 0.089 0.995 0.003 0.996 -0.089 0.000 0.000 0.000
0.200 1.801 -0.001 5.996 -0.038 0.089 0.995 -0.038 0.089 0.995 0.003 0.996 -0.089 0.000 0.000 0.000
0.307 1.801 -0.001 5.996 -0.038 0.089 0.995 -0.038 0.089 0.995 0.003 0.996 -0.089 0.000 0.000 0.000
0.401 1.801 -0.001 5.996 -0.038 0.089 0.995 -0.038 0.089 0.995 0.003 0.996 -0.089 0.000 0.000 0.000
0.507 1.801 -0.001 5.996 -0.038 0.089 0.995 -0.038 0.089 0.995 0.003 0.996 -0.089 0.000 0.000 0.000
0.600 1.801 -0.001 5.996 -0.038 0.089 0.995 -0.038 0.089 0.995 0.003 0.996 -0.089 0.000 0.000 0.000
0.706 1.801 -0.001 5.996 -0.038 0.089 0.995 -0.038 0.089 0.995 0.003 0.996 -0.089 0.000 0.000 0.000